Programacion 20171578053 1 5 0
Programacion 20171578053 2 4 0
Programacion 20171578053 3 5 0
Programacion 20171578053 4 2 0
Programacion 20171578053 5 5 4.2
Logica 20171578043 1 5 0
Logica 20171578043 2 4 0
Logica 20171578043 3 5 0
Logica 20171578043 4 5 0
Logica 20171578043 5 4 4.6
Calculo 20171578003 1 5 0
Calculo 20171578003 2 4 0
Calculo 20171578003 3 3 0
Calculo 20171578003 4 5 0
Calculo 20171578003 5 1 3.6
Catedra 20171578053 1 4 0
Catedra 20171578053 2 4 0
Catedra 20171578053 3 5 0
Catedra 20171578053 4 2 0
Catedra 20171578053 5 5 4
Calculo 20171578053 1 5 0
Calculo 20171578053 2 2 0
Calculo 20171578053 3 7 0
Calculo 20171578053 4 3 0
Calculo 20171578053 5 5 0
Calculo 20171578053 6 4 0
Calculo 20171578053 7 8 0
Calculo 20171578053 8 2 0
Calculo 20171578053 9 0 0
Calculo 20171578053 10 1 3.3
Logica 20171578053 1 2 0
Logica 20171578053 2 5 0
Logica 20171578053 3 5 0
Logica 20171578053 4 4 0
Logica 20171578053 5 5 4.6
